I
1130 Generated by WorldEditor 2.2.0r2

1    734 0 0 UGGN Tsnori
100 25.00 2 0 0.00 0 0 0 13  41.63629727  046.01025991    0    0 0 0 0 0 31  41.63266259  046.01560607    0    0 0 0 0 0
110 2 0.00 0.0000 New Taxiway 11
111  41.63195006  046.01220143
111  41.63184779  046.01208557
111  41.63177793  046.01219595
113  41.63188020  046.01231181
110 2 0.00 0.0000 New Taxiway 10
111  41.63281145  046.01142620
111  41.63268809  046.01129270
111  41.63261553  046.01141273
113  41.63273889  046.01154623
110 2 0.00 0.0000 New Taxiway 4
111  41.63362495  046.01398041
112  41.63346037  046.01394685  41.63336789  046.01385458
111  41.63250513  046.01288579
112  41.63248255  046.01265629  41.63252318  046.01256267
111  41.63266312  046.01229391
112  41.63293282  046.01179310  41.63298157  046.01169888
112  41.63308496  046.01149110  41.63310220  046.01145545
111  41.63310220  046.01145125
112  41.63305361  046.01143867  41.63305204  046.01144077
112  41.63299091  046.01157708  41.63296113  046.01163999
111  41.63258857  046.01230048
112  41.63245503  046.01239107  41.63239107  046.01234326
112  41.63212090  046.01210772  41.63202842  046.01201126
112  41.63186698  046.01196093  41.63176666  046.01197980
112  41.63164739  046.01198158  41.63159096  046.01194887
112  41.63145554  046.01183814  41.63140287  046.01176768
112  41.63116516  046.01152567  41.63112336  046.01148023
111  41.63085951  046.01118315
112  41.63087127  046.01112898  41.63089870  046.01110102
112  41.63100854  046.01092204  41.63103303  046.01086500
112  41.63120325  046.01053807  41.63125289  046.01046293
112  41.63142974  046.01021570  41.63147600  046.01013196
112  41.63162142  046.00987522  41.63166975  046.00981930
112  41.63182388  046.00958338  41.63188919  046.00945056
112  41.63200987  046.00916916  41.63205124  046.00910363
112  41.63217119  046.00887123  41.63217663  046.00886103
112  41.63219187  046.00888579  41.63219405  046.00890326
112  41.63221473  046.00894258  41.63222017  046.00895132
112  41.63226153  046.00900812  41.63227242  046.00901831
111  41.63229201  046.00903724
112  41.63227242  046.00899064  41.63224956  046.00894841
112  41.63221037  046.00883627  41.63220167  046.00878967
111  41.63217336  046.00868191
111  41.63212112  046.00872851
112  41.63211785  046.00877657  41.63210697  046.00879695
112  41.63211459  046.00882462  41.63212656  046.00883482
112  41.63214724  046.00885084  41.63214724  046.00886540
111  41.63212765  046.00888142
111  41.63212438  046.00885375
111  41.63211241  046.00885375
111  41.63210914  046.00887996
112  41.63210044  046.00891200  41.63209935  046.00891346
111  41.63207105  046.00892511
111  41.63209173  046.00894695
111  41.63208737  046.00894987
112  41.63206669  046.00895278  41.63206560  046.00896443
111  41.63207105  046.00898627
111  41.63207540  046.00900084
112  41.63206125  046.00902268  41.63206016  046.00902414
112  41.63203404  046.00905763  41.63202860  046.00906491
112  41.63199594  046.00912462  41.63198397  046.00913919
112  41.63188274  046.00934307  41.63185226  046.00942025
112  41.63168416  046.00974148  41.63159073  046.00985920
112  41.63148940  046.01002304  41.63146862  046.01007192
111  41.63145161  046.01011828
112  41.63143460  046.01010311  41.63143649  046.01006518
111  41.63142578  046.01003906
111  41.63140500  046.01007614
112  41.63138610  046.01023458  41.63135082  046.01028346
112  41.63116478  046.01052071  41.63110673  046.01061537
112  41.63096364  046.01092463  41.63089724  046.01103822
111  41.63085253  046.01109650
112  41.63081402  046.01110439  41.63078819  046.01109681
111  41.63077559  046.01108080
111  41.63077685  046.01119120
112  41.63083291  046.01122575  41.63086693  046.01125693
111  41.63154917  046.01201867
112  41.63154727  046.01205402  41.63151643  046.01206131
111  41.63145294  046.01206859
111  41.63148831  046.01211834
112  41.63155272  046.01210985  41.63157902  046.01210257
112  41.63164161  046.01214868  41.63165794  046.01216931
112  41.63182997  046.01246158  41.63193342  046.01256475
111  41.63198137  046.01260483
111  41.63187792  046.01278602
112  41.63184971  046.01293197  41.63188356  046.01298985
111  41.63199454  046.01314084
112  41.63213748  046.01316601  41.63219579  046.01307038
111  41.63227855  046.01292442
112  41.63242150  046.01293701  41.63249862  046.01302005
111  41.63342523  046.01405275
112  41.63344611  046.01419038  41.63339752  046.01424491
111  41.63289025  046.01499794
111  41.63256893  046.01548866
111  41.63276643  046.01573192
112  41.63342095  046.01473764  41.63342095  046.01473554
113  41.63354007  046.01454470
112  41.63182803  046.01205268  41.63191267  046.01204639
112  41.63208509  046.01219738  41.63212584  046.01224142
111  41.63209449  046.01230643
111  41.63198634  046.01250565
112  41.63185467  046.01237982  41.63180922  046.01233578
113  41.63165561  046.01209043
110 2 0.00 0.0000 New Taxiway 12
111  41.63651031  046.00836804
112  41.63658868  046.00865641  41.63663113  046.00879186
112  41.63677689  046.00904307  41.63686533  046.00920692
111  41.63679843  046.00930901
112  41.63664822  046.00948902  41.63659859  046.00954670
112  41.63646797  046.00978438  41.63640527  046.00988225
111  41.63622110  046.01017237
111  41.63625114  046.01020557
112  41.63635041  046.01008323  41.63638176  046.01004304
111  41.63640788  046.01004828
111  41.63650716  046.01021256
111  41.63654503  046.01015314
111  41.63653328  046.01009023
111  41.63643401  046.00995216
112  41.63681724  046.00935816  41.63693088  046.00919737
111  41.63681463  046.00899638
112  41.63662915  046.00858743  41.63657952  046.00845635
113  41.63654033  046.00831479
110 4 0.00 0.0000 New Taxiway 13
111  41.63733373  046.01086989
112  41.63711966  046.01077401  41.63705980  046.01073275
112  41.63674022  046.01057967  41.63661091  046.01052374
111  41.63635415  046.01043916
111  41.63636177  046.01040858
111  41.63635415  046.01040130
111  41.63629319  046.01048140
112  41.63645538  046.01050907  41.63657946  046.01054694
112  41.63700404  046.01074988  41.63715687  046.01083202
112  41.63726397  046.01088620  41.63728487  046.01089494
113  41.63731361  046.01090368
110 4 0.00 0.0000 New Taxiway 5
112  41.63221470  046.00894146  41.63223133  046.00898494
112  41.63295440  046.01011633  41.63302964  046.01030255
112  41.63311428  046.01084109  41.63312180  046.01110029
111  41.63305409  046.01144505
111  41.63310111  046.01145008
112  41.63315378  046.01084612  41.63314437  046.01058440
112  41.63298044  046.01007445  41.63290599  046.00988571
112  41.63257380  046.00942506  41.63249934  046.00933069
113  41.63227294  046.00898992
110 3 0.00 0.0000 New Taxiway 7
111  41.63324319  046.01150324
111  41.63328833  046.01140761
112  41.63327517  046.01120880  41.63331843  046.01113079
111  41.63354978  046.01076086
112  41.63354037  046.01061993  41.63349523  046.01056960
112  41.63324628  046.01028097  41.63322559  046.01022057
111  41.63322747  046.01014759
111  41.63305818  046.00991104
111  41.63271388  046.01052919
111  41.63280867  046.01068139
112  41.63278971  046.01105102  41.63269492  046.01118872
112  41.63244573  046.01116335  41.63230489  046.01102565
112  41.63208620  046.01112202  41.63195077  046.01134598
111  41.63170667  046.01174613
112  41.63163997  046.01189421  41.63158806  046.01193045
111  41.63156323  046.01195762
111  41.63149110  046.01211319
111  41.63156947  046.01223697
111  41.63164784  046.01215833
111  41.63240334  046.01296788
111  41.63290452  046.01353488
111  41.63299704  046.01341254
111  41.63252423  046.01283779
112  41.63252266  046.01262808  41.63254931  046.01254629
111  41.63294377  046.01182064
114  41.63309581  046.01155640  41.63315694  046.01145994
111  41.63256111  046.01226156
112  41.63229477  046.01204413  41.63220223  046.01198676
111  41.63176435  046.01182671
112  41.63220285  046.01111101  41.63224047  046.01105229
111  41.63229847  046.01112569
111  41.63275183  046.01154696
111  41.63285371  046.01142323
112  41.63294776  046.01149663  41.63297597  046.01152179
113  41.63293992  046.01158680
110 3 0.00 0.0000 New Taxiway 6
111  41.63388082  046.01209966
111  41.63331278  046.01142271
111  41.63325636  046.01152085
113  41.63381499  046.01217767
110 3 0.00 0.0000 New Taxiway 2
111  41.63654965  046.01017006
112  41.63656140  046.01004773  41.63653006  046.00999704
111  41.63648042  046.00995335
111  41.63648434  046.00987121
111  41.63642034  046.00979781
112  41.63585198  046.01058092  41.63579712  046.01067110
111  41.63454685  046.01252851
112  41.63439885  046.01258564  41.63432048  046.01250805
111  41.63395527  046.01214315
111  41.63392079  046.01213476
111  41.63389257  046.01216831
111  41.63388160  046.01218928
112  41.63392549  046.01223332  41.63392706  046.01223332
111  41.63440199  046.01274922
112  41.63441198  046.01279427  41.63439308  046.01281854
111  41.63360778  046.01394671
112  41.63339790  046.01383554  41.63330536  046.01373588
111  41.63299389  046.01341276
111  41.63290134  046.01353355
111  41.63339790  046.01403485
112  41.63343176  046.01421302  41.63336405  046.01428851
111  41.63255027  046.01549280
111  41.63242838  046.01567096
112  41.63252318  046.01585517  41.63257735  046.01589141
111  41.63262475  046.01593067
111  41.63368784  046.01436943
113  41.63632995  046.01046201
130 Airport Boundary 1
111  41.63744291  046.01072035
111  41.63744291  046.01059858
111  41.63749816  046.01051595
111  41.63758267  046.01047681
111  41.63889006  046.00849733
111  41.63762847  046.00666195
111  41.63649490  046.00837517
111  41.63395522  046.01208909
111  41.63333742  046.01136773
111  41.63371372  046.01078915
111  41.63334866  046.01037588
111  41.63327564  046.01027819
111  41.63323633  046.01018802
111  41.63330934  046.00992503
111  41.63221977  046.00862509
111  41.63210182  046.00873029
111  41.63186095  046.00921870
111  41.63137232  046.01012038
111  41.63077699  046.01089433
111  41.63077137  046.01126252
111  41.63141725  046.01202895
111  41.63154081  046.01223579
111  41.63183567  046.01270542
111  41.63173271  046.01283065
111  41.63206969  046.01335038
111  41.63215861  046.01322514
111  41.63263601  046.01401412
111  41.63228030  046.01442113
111  41.63238327  046.01454010
111  41.63250028  046.01482814
111  41.63258590  046.01509918
111  41.63245950  046.01531963
111  41.63245273  046.01543740
111  41.63236470  046.01557933
111  41.63249059  046.01586585
111  41.63262150  046.01596852
111  41.63275467  046.01604402
111  41.63345211  046.01674764
113  41.63351305  046.01671442
14  41.63187468  046.01219972  19.69 0 New Tower Viewpoint 1
99
