I
1130 Generated by WorldEditor 2.2.0r2

1   1734 0 0 UGSA Natakhtari
1302 gui_label 2D
100 18.72 2 0 0.00 1 2 1 10  41.92272571  044.70853838    0    0 5 0 0 0 28  41.91990922  044.71933073  322    0 5 0 0 0
110 1 0.00 0.0000 New Taxiway 30
111  41.92692597  044.70835118
112  41.92659421  044.70831153  41.92650841  044.70830617
111  41.92622706  044.70829410
111  41.92622739  044.70834682
111  41.92626996  044.70834774
112  41.92628293  044.70839869  41.92626699  044.70845407
112  41.92618386  044.70871447  41.92614877  044.70880118
111  41.92599525  044.70919973
111  41.92603404  044.70921131
112  41.92623374  044.70872856  41.92627397  044.70862236
111  41.92633718  044.70837133
112  41.92636575  044.70835437  41.92639693  044.70835530
112  41.92671521  044.70839251  41.92681740  044.70840259
113  41.92691889  044.70842212
110 1 0.00 0.0000 New Taxiway 24
111  41.92135615  044.71904873
112  41.92131400  044.71901769  41.92129163  044.71899980
111  41.92131447  044.71894384
111  41.92129591  044.71893138
111  41.92135638  044.71878085
111  41.92125707  044.71870946
111  41.92117970  044.71891431
112  41.92115256  044.71889491  41.92112716  044.71887474
111  41.92114132  044.71879133
111  41.92109224  044.71875952
112  41.92107146  044.71881073  41.92106222  044.71883091
111  41.92104778  044.71881849
111  41.92106568  044.71877116
111  41.92098543  044.71871374
111  41.92096522  044.71875098
112  41.92088074  044.71868332  41.92085025  044.71865632
111  41.92086341  044.71859766
111  41.92079919  044.71855093
111  41.92069277  044.71860344
112  41.92046517  044.71917313  41.92044938  044.71920665
111  41.92042942  044.71919548
111  41.92013677  044.71902340
111  41.92008605  044.71916866
112  41.92015506  044.71915861  41.92021741  044.71914855
111  41.92028569  044.71919589
111  41.92084945  044.71951795
111  41.92099398  044.71918431
112  41.92108162  044.71898543  41.92109024  044.71896419
111  41.92111897  044.71896226
113  41.92132713  044.71912088
111  41.92083917  044.71886333
112  41.92081672  044.71880858  41.92083002  044.71877953
111  41.92085081  044.71879964
111  41.92100711  044.71892702
111  41.92086411  044.71926671
111  41.92082836  044.71924436
111  41.92086161  044.71915944
112  41.92073690  044.71906781  41.92067953  044.71902424
111  41.92073857  044.71898736
113  41.92077515  044.71900859
111  41.92058382  044.71928083
111  41.92062250  044.71918445
111  41.92074581  044.71927383
111  41.92071706  044.71934547
111  41.92075078  044.71936992
111  41.92077560  044.71930807
111  41.92083095  044.71934819
113  41.92079620  044.71943477
110 1 0.00 0.0000 New Taxiway 27
111  41.92059295  044.72127174
112  41.92039468  044.72106609  41.92033722  044.72096762
112  41.92008232  044.72053280  41.91996452  044.72040537
112  41.91968035  044.72009791  41.91956182  044.71997724
112  41.91932956  044.71978416  41.91925174  044.71970853
112  41.91921423  044.71949428  41.91926571  044.71940257
112  41.91932728  044.71920022  41.91936463  044.71906120
112  41.91969957  044.71777292  41.91975667  044.71756273
112  41.92017800  044.71610178  41.92023144  044.71590947
112  41.92090376  044.71348211  41.92099479  044.71310676
112  41.92115714  044.71229782  41.92119852  044.71211154
112  41.92126477  044.71186231  41.92129350  044.71176191
112  41.92130499  044.71153407  41.92126908  044.71145490
111  41.92121831  044.71142239
111  41.92120376  044.71148013
112  41.92126196  044.71158162  41.92125573  044.71165239
112  41.92120432  044.71177464  41.92118603  044.71183498
112  41.92117688  044.71200371  41.92115942  044.71208751
111  41.92099845  044.71280497
112  41.92097091  044.71282910  41.92097330  044.71274222
112  41.92096253  044.71254109  41.92094936  044.71250569
111  41.92094577  044.71249764
111  41.92095654  044.71245259
111  41.92093983  044.71243852
111  41.92091904  044.71250448
112  41.92094592  044.71264681  41.92094592  044.71272056
111  41.92094230  044.71297925
112  41.92093315  044.71313234  41.92092317  044.71320608
112  41.92071685  044.71404773  41.92064445  044.71432113
112  41.92035058  044.71522942  41.92030300  044.71541848
112  41.92014124  044.71603256  41.92006883  044.71628557
112  41.91978747  044.71731430  41.91974816  044.71745610
111  41.91941891  044.71864767
112  41.91937341  044.71867663  41.91933151  044.71865732
111  41.91927404  044.71863801
111  41.91926327  044.71869111
111  41.91937624  044.71873779
112  41.91938731  044.71877206  41.91937913  044.71880180
112  41.91924961  044.71926902  41.91922952  044.71933886
112  41.91914112  044.71947934  41.91912034  044.71951658
112  41.91913649  044.71953936  41.91914008  044.71954580
112  41.91912692  044.71962785  41.91910776  044.71962785
112  41.91902874  044.71968095  41.91900599  044.71974853
112  41.91907543  044.71980484  41.91914128  044.71981611
112  41.91930171  044.71985472  41.91938911  044.71991747
111  41.91970427  044.72021590
112  41.91965279  044.72023521  41.91965279  044.72027704
112  41.91972582  044.72045082  41.91980244  044.72052483
112  41.91998883  044.72062700  41.92010017  044.72071710
112  41.92019854  044.72084749  41.92025720  044.72097138
112  41.92039356  044.72117844  41.92047737  044.72126292
113  41.92057104  044.72133514
112  41.91988884  044.72045640  41.91985015  044.72041760
112  41.91980858  044.72035398  41.91981378  044.72034544
111  41.91983514  044.72037027
111  41.92010766  044.72065272
113  41.92010016  044.72066591
110 2 0.00 0.0000 New Taxiway 40
111  41.92091645  044.71795564
111  41.92086558  044.71792634
111  41.92084472  044.71799176
113  41.92089559  044.71802106
110 2 0.00 0.0000 New Taxiway 35
111  41.92131418  044.71894381
111  41.92167776  044.71802049
111  41.92155651  044.71794832
111  41.92146932  044.71815162
111  41.92142025  044.71811283
111  41.92147972  044.71793668
111  41.92144161  044.71792116
111  41.92123171  044.71845579
111  41.92132566  044.71853178
111  41.92125665  044.71871168
111  41.92135393  044.71878207
113  41.92129486  044.71893234
110 2 0.00 0.0000 New Taxiway 36
111  41.92116148  044.71832652
111  41.92095059  044.71817288
111  41.92079897  044.71855103
111  41.92086323  044.71859797
111  41.92098701  044.71830958
113  41.92113057  044.71840947
110 2 0.00 0.0000 New Taxiway 34
111  41.91998671  044.71936382
111  41.92028112  044.71948906
111  41.92017285  044.71986863
111  41.92036541  044.72000674
111  41.92055791  044.71934758
111  41.92028272  044.71919226
111  41.92023519  044.71933556
113  41.92001982  044.71924088
110 2 0.00 0.0000 New Taxiway 37
111  41.92119999  044.71868815
111  41.92113370  044.71864285
111  41.92108622  044.71876833
113  41.92115251  044.71881363
110 3 0.00 0.0000 New Taxiway 31
111  41.92601029  044.70916913
112  41.92598784  044.70919483  41.92597953  044.70920713
111  41.92595126  044.70929541
111  41.92588392  044.70923841
111  41.92583071  044.70936916
111  41.92588891  044.70940715
111  41.92581824  044.70957366
111  41.92596124  044.70968652
111  41.92604022  044.70953901
111  41.92600198  044.70943174
112  41.92598286  044.70942056  41.92597787  044.70941498
111  41.92598369  044.70937028
113  41.92603408  044.70921101
110 3 0.00 0.0000 New Taxiway 38
112  41.92031667  044.71882257  41.92030215  044.71889877
112  41.92041082  044.71894633  41.92046718  044.71892513
114  41.92044350  044.71877487  41.92040165  044.71871987
110 4 0.00 0.0000 New Taxiway 33
111  41.92094425  044.71250044
112  41.92100545  044.71259433  41.92102104  044.71263778
111  41.92101873  044.71271072
111  41.92104586  044.71259588
112  41.92103663  044.71259355  41.92103547  044.71259200
112  41.92099159  044.71249578  41.92097312  044.71246474
113  41.92095406  044.71246009
110 4 0.00 0.0000 New Taxiway 32
111  41.92622731  044.70829469
112  41.92560417  044.70822308  41.92544255  044.70820216
112  41.92444717  044.70803264  41.92428435  044.70801655
112  41.92341690  044.70786617  41.92314382  044.70783614
112  41.92280545  044.70781903  41.92260685  044.70779957
112  41.92237416  044.70778523  41.92227120  044.70779971
112  41.92222690  044.70799763  41.92221612  044.70808452
112  41.92212707  044.70843097  41.92208636  044.70856774
112  41.92200255  044.70873669  41.92197502  044.70880105
112  41.92192464  044.70918772  41.92190021  044.70932288
112  41.92174212  044.70993922  41.92168351  044.71015007
112  41.92156939  044.71064500  41.92154249  044.71081739
112  41.92145480  044.71114913  41.92141389  044.71125640
112  41.92131261  044.71137844  41.92124444  044.71140973
111  41.92122199  044.71141308
111  41.92121805  044.71142551
111  41.92125012  044.71145354
111  41.92132831  044.71142174
112  41.92134194  044.71143521  41.92132710  044.71146701
111  41.92129904  044.71152898
111  41.92130941  044.71158396
112  41.92150711  044.71108042  41.92155838  044.71090536
112  41.92159166  044.71067675  41.92162758  044.71049975
112  41.92187083  044.70955143  41.92193835  044.70925407
112  41.92200732  044.70881070  41.92202029  044.70873695
112  41.92212306  044.70857872  41.92214999  044.70848218
111  41.92226340  044.70797958
112  41.92237814  044.70783476  41.92246494  044.70783745
112  41.92286727  044.70788295  41.92299178  044.70789904
112  41.92369100  044.70797123  41.92393719  044.70800738
112  41.92546731  044.70826980  41.92576327  044.70830263
113  41.92622772  044.70834656
110 4 0.00 0.0000 New Taxiway 29
111  41.92027077  044.72108668
111  41.92032345  044.72088716
112  41.92029112  044.72074074  41.92026239  044.72070695
112  41.92007562  044.72043020  41.92005168  044.72038998
112  41.91933771  044.71974996  41.91929102  044.71971939
111  41.91922637  044.71967434
111  41.91914855  044.71951987
112  41.91908629  044.71957297  41.91907073  044.71962124
112  41.91898692  044.71983363  41.91898093  044.71985615
112  41.91903840  044.72007819  41.91916291  044.72016991
111  41.91957835  044.72050136
112  41.91991162  044.72077899  41.91997866  044.72084496
114  41.92017821  044.72102768  41.92022131  044.72106308
130 Airport Boundary
111  41.91901686  044.71964770
111  41.91894179  044.71988792
111  41.91893106  044.72000322
111  41.91897396  044.72005126
111  41.92055766  044.72138207
111  41.92078097  044.72078267
111  41.92117718  044.71974537
111  41.92093926  044.71958689
111  41.92113669  044.71901555
111  41.92131792  044.71915235
111  41.92183766  044.71787278
111  41.92193489  044.71782273
111  41.92222968  044.71716922
111  41.92260286  044.71746032
111  41.92442821  044.71389348
111  41.92420369  044.71368987
111  41.92489723  044.71223402
111  41.92585706  044.71303975
111  41.92656692  044.71167230
111  41.92568651  044.71092581
111  41.92605115  044.71029158
111  41.92691387  044.70848036
111  41.92692817  044.70833141
111  41.92663145  044.70830738
111  41.92559712  044.70819791
111  41.92473101  044.70806745
111  41.92370322  044.70787126
111  41.92296215  044.70779588
111  41.92222282  044.70775260
111  41.92078466  044.71297677
111  41.91925419  044.71869226
111  41.91937391  044.71875662
111  41.91921468  044.71934229
113  41.91908956  044.71951975
120 Linear Feature 27
111  41.92021515  044.71939705 1
111  41.92004582  044.71931934 1
116  41.91995513  044.71916061  41.91999041  044.71903234
120 Linear Feature 39
112  41.92044236  044.71877819  41.92048206  044.71883202 20
112  41.92040897  044.71894271  41.92035444  044.71896200 20
114  41.92031965  044.71882159  41.92033449  044.71874847 20
120 Linear Feature 26
111  41.92011449  044.71941413 4
115  41.92014370  044.71930212
14  41.92126883  044.71844951  32.81 0 Tower Viewpoint
1300  41.92036614  044.71959191 242.10 misc turboprops|props|helos Concrete Apron 1
1301 A none 
1300  41.92038745  044.71905022 292.91 misc turboprops|props|helos Grass 1
1301 A none 
19  41.92038984  044.71884817 0 Windsock
99
